[[-2.323213266208768e-08, 17.3892822265625, 14.73529052734375, 16.845312118530273, 15.68665599822998, 13.42459774017334, 7.869073390960693, 8.508750915527344, 4.919647216796875, 7.314908027648926, 13.920039176940918, 12.6417875289917, 28.614477157592773, 12.93378734588623, 21.352882385253906, 14.34264087677002, 11.304884910583496, 16.58161735534668, 14.540900230407715, 15.896931648254395, 15.967117309570312, 15.786894798278809, 13.760835647583008, 19.76323699951172, 16.47931480407715, 8.140814781188965, 17.389312744140625, 13.773768424987793, 14.592143058776855, 14.080204963684082, 17.23610496520996, 25.468671798706055, 19.508119583129883, 20.410680770874023, 18.70477867126465, 20.253170013427734, 18.49346351623535, 16.46779441833496, 11.18484115600586, 20.156023025512695, 17.994003295898438, 18.646955490112305, 16.5286922454834, 14.212890625, 10.746034622192383, 18.756290435791016, 14.501164436340332, 13.95506763458252, 18.8582820892334, 18.329090118408203, 23.071928024291992, 6.653703212738037, 15.970419883728027, 12.089302062988281, 17.5423641204834, 9.97278881072998, 17.912559509277344, 21.375505447387695, 19.170244216918945, 7.6466546058654785, 19.656597137451172, 13.832667350769043, 24.286518096923828, 17.91912841796875, 13.758450508117676, 15.01866626739502, 13.329279899597168, 31.45258140563965, 19.124340057373047, 18.348953247070312, 16.07463264465332, 16.7547664642334, 18.861814498901367, 12.441877365112305, 15.397714614868164, 15.28593921661377, 16.06098175048828, 24.782453536987305, 13.214457511901855, 30.113183975219727, 7.751319885253906, 15.189491271972656, 12.156279563903809, 18.527421951293945, 23.083860397338867, 16.54402732849121, 18.10597038269043, 8.623998641967773, 18.598257064819336, 7.206778049468994, 19.722143173217773, 12.13160514831543, 17.3812255859375, 15.891342163085938, 5.387991428375244, 19.669164657592773, 14.559308052062988, 14.937108039855957, 17.03485679626465, 20.39484977722168], [17.3892822265625, 4.470348358154297e-08, 18.099031448364258, 3.5477206707000732, 15.783912658691406, 14.5935640335083, 16.59596061706543, 19.045114517211914, 11.657235145568848, 17.953235626220703, 12.95190715789795, 13.242082595825195, 23.957056045532227, 14.560141563415527, 16.17359161376953, 14.641676902770996, 9.416369438171387, 7.265611171722412, 16.195730209350586, 16.580461502075195, 12.795039176940918, 17.396324157714844, 12.23412036895752, 19.333541870117188, 10.635093688964844, 14.877725601196289, 16.749252319335938, 16.73701286315918, 14.538874626159668, 18.414794921875, 10.208983421325684, 23.34457015991211, 17.055824279785156, 21.405853271484375, 16.995725631713867, 17.679162979125977, 17.88411521911621, 17.177927017211914, 11.624590873718262, 4.893195152282715, 19.069473266601562, 12.167481422424316, 19.600400924682617, 12.600494384765625, 11.844079971313477, 11.810218811035156, 17.29669189453125, 14.657437324523926, 11.658225059509277, 10.586661338806152, 19.32380485534668, 14.371508598327637, 6.32089900970459, 20.962860107421875, 16.780466079711914, 14.119315147399902, 9.831009864807129, 22.81171226501465, 16.25520133972168, 14.937434196472168, 18.383380889892578, 17.091650009155273, 22.518712997436523, 14.129294395446777, 16.71121597290039, 17.574838638305664, 17.89824676513672, 31.837194442749023, 20.792837142944336, 16.816396713256836, 14.566484451293945, 16.04067611694336, 16.6553955078125, 15.25239086151123, 19.209264755249023, 15.708984375, 14.918196678161621, 26.835912704467773, 9.669539451599121, 23.23518943786621, 12.850394248962402, 14.071100234985352, 10.820323944091797, 13.604326248168945, 20.918325424194336, 14.448869705200195, 13.751518249511719, 17.119482040405273, 17.313539505004883, 11.622481346130371, 20.078590393066406, 12.004149436950684, 20.67133140563965, 19.680830001831055, 17.12794303894043, 16.4811954498291, 13.103340148925781, 14.835017204284668, 18.83386993408203, 20.680112838745117], [14.73529052734375, 18.099031448364258, 8.790811989456415e-08, 13.244402885437012, 9.150504112243652, 5.692422866821289, 10.042304039001465, 12.448942184448242, 13.978039741516113, 11.939899444580078, 8.305543899536133, 8.221426010131836, 15.986696243286133, 8.755990028381348, 15.26758861541748, 10.372840881347656, 7.016025543212891, 13.276721000671387, 9.87849235534668, 10.458575248718262, 9.487117767333984, 11.437655448913574, 10.303587913513184, 6.824731349945068, 11.399706840515137, 7.247101783752441, 8.382596969604492, 12.130541801452637, 8.891969680786133, 9.292961120605469, 14.743313789367676, 17.31580924987793, 7.942145824432373, 13.551240921020508, 10.634583473205566, 17.303024291992188, 12.633109092712402, 4.97653341293335, 8.867425918579102, 15.823330879211426, 8.245451927185059, 6.768179416656494, 7.330172061920166, 11.160155296325684, 10.099459648132324, 12.094428062438965, 10.721060752868652, 6.927051067352295, 12.391375541687012, 10.371439933776855, 11.470646858215332, 11.789475440979004, 12.56729507446289, 8.638838768005371, 9.50660228729248, 13.876588821411133, 13.709129333496094, 10.809667587280273, 20.772981643676758, 11.74787712097168, 15.300936698913574, 0.2458880990743637, 10.702919006347656, 16.633625030517578, 0.2939296364784241, 0.13710156083106995, 0.28730058670043945, 14.875964164733887, 6.88080358505249, 11.15852165222168, 12.9859619140625, 6.8392839431762695, 13.786702156066895, 6.41240930557251, 8.670949935913086, 5.407916069030762, 7.711182594299316, 14.654281616210938, 11.42862319946289, 17.963207244873047, 11.323894500732422, 6.524770259857178, 10.440997123718262, 7.355838298797607, 15.354220390319824, 5.455949783325195, 8.527071952819824, 9.53195571899414, 12.513094902038574, 8.346522331237793, 9.722210884094238, 5.477416515350342, 7.689006805419922, 9.821673393249512, 12.020589828491211, 12.814620971679688, 8.876585960388184, 7.690817356109619, 6.9123759269714355, 12.771042823791504], [16.845312118530273, 3.5477206707000732, 13.244402885437012, 3.8743021235632114e-08, 15.926126480102539, 9.69888687133789, 12.737418174743652, 16.812543869018555, 13.806078910827637, 14.186671257019043, 12.949739456176758, 9.21681022644043, 21.422754287719727, 11.657557487487793, 19.331754684448242, 16.25830078125, 11.929166793823242, 6.453812599182129, 17.109182357788086, 16.69086265563965, 16.021364212036133, 14.446586608886719, 12.1249418258667, 20.82111167907715, 11.618934631347656, 13.064882278442383, 19.688495635986328, 18.3175106048584, 10.303614616394043, 18.910581588745117, 11.574421882629395, 26.454389572143555, 21.454030990600586, 23.06440544128418, 21.535276412963867, 18.104825973510742, 19.264192581176758, 16.72780418395996, 14.363741874694824, 3.188305616378784, 21.150951385498047, 5.989717960357666, 19.111330032348633, 14.427165031433105, 14.929762840270996, 13.445090293884277, 16.2970027923584, 13.023306846618652, 12.937288284301758, 5.426982879638672, 23.52328872680664, 14.859454154968262, 7.355238437652588, 17.14192008972168, 16.091733932495117, 15.3587064743042, 11.577752113342285, 18.153667449951172, 21.222253799438477, 12.951430320739746, 18.407283782958984, 11.595316886901855, 25.675018310546875, 17.93012046813965, 12.510515213012695, 13.083984375, 12.395341873168945, 29.618539810180664, 21.19439125061035, 20.995807647705078, 19.237478256225586, 17.777555465698242, 15.715896606445312, 12.4906005859375, 15.582719802856445, 15.011734008789062, 12.685309410095215, 28.966922760009766, 8.889847755432129, 27.913442611694336, 13.70402717590332, 9.733302116394043, 6.0370564460754395, 8.413315773010254, 24.22835350036621, 9.712169647216797, 8.674041748046875, 12.753397941589355, 18.86278533935547, 12.137511253356934, 16.808547973632812, 9.83484935760498, 21.050870895385742, 18.60616111755371, 14.472439765930176, 15.983153343200684, 16.57606315612793, 14.491101264953613, 14.996249198913574, 21.981857299804688], [15.68665599822998, 15.783912658691406, 9.150504112243652, 15.926126480102539, 1.5646220319354143e-08, 10.05657958984375, 15.275507926940918, 16.38617515563965, 15.312784194946289, 15.48129940032959, 6.2934088706970215, 11.413082122802734, 11.305756568908691, 9.28642749786377, 9.566946983337402, 11.282980918884277, 10.828238487243652, 13.01441478729248, 7.980180263519287, 8.970335960388184, 11.601611137390137, 10.510056495666504, 12.630473136901855, 10.393771171569824, 13.567875862121582, 10.984756469726562, 14.632168769836426, 13.927367210388184, 9.320208549499512, 10.119612693786621, 12.808679580688477, 11.931685447692871, 14.15233325958252, 11.370349884033203, 12.168952941894531, 12.251360893249512, 10.988265991210938, 7.179418087005615, 10.721700668334961, 12.837043762207031, 7.546807289123535, 11.393507957458496, 11.633131980895996, 10.290740013122559, 11.694046020507812, 12.732226371765137, 11.911109924316406, 9.824984550476074, 14.193472862243652, 13.30889892578125, 14.855116844177246, 12.021143913269043, 12.0963773727417, 8.752013206481934, 10.171366691589355, 12.78217601776123, 14.011845588684082, 13.140669822692871, 10.974528312683105, 15.889261245727539, 12.7755765914917, 8.888692855834961, 10.258110046386719, 14.538031578063965, 8.099675178527832, 9.397883415222168, 9.472342491149902, 11.515117645263672, 10.54031753540039, 12.17937183380127, 11.4866943359375, 8.87528133392334, 11.678160667419434, 8.242460250854492, 10.743265151977539, 8.688152313232422, 10.003190040588379, 13.30836009979248, 6.582895755767822, 10.087462425231934, 14.15223217010498, 11.785256385803223, 11.347199440002441, 14.609038352966309, 15.734768867492676, 12.724745750427246, 12.684514999389648, 13.377947807312012, 11.14542293548584, 11.571098327636719, 11.509761810302734, 5.246521949768066, 10.040590286254883, 11.058602333068848, 15.284441947937012, 9.578146934509277, 11.1026029586792, 6.181674480438232, 10.873331069946289, 10.164003372192383], [13.42459774017334, 14.5935640335083, 5.692422866821289, 9.69888687133789, 10.05657958984375, -2.3841858265427618e-08, 10.057001113891602, 10.994943618774414, 12.400280952453613, 10.172233581542969, 6.959454536437988, 3.0236692428588867, 21.177127838134766, 3.4748165607452393, 12.325787544250488, 10.140535354614258, 8.501604080200195, 12.028571128845215, 9.344592094421387, 11.771528244018555, 10.905872344970703, 11.8483304977417, 10.208449363708496, 13.25940227508545, 10.291276931762695, 9.757746696472168, 12.39831256866455, 14.054414749145508, 4.675897121429443, 11.979243278503418, 12.304854393005371, 20.73341941833496, 11.247966766357422, 16.355913162231445, 12.882257461547852, 17.169889450073242, 14.606775283813477, 8.87447738647461, 10.239617347717285, 13.800448417663574, 12.818839073181152, 5.498210430145264, 11.170802116394043, 11.389025688171387, 12.336560249328613, 9.834406852722168, 11.826693534851074, 5.1381754875183105, 12.060707092285156, 7.115454196929932, 17.227031707763672, 13.662378311157227, 13.286551475524902, 3.190511465072632, 7.932380676269531, 14.124185562133789, 12.82292652130127, 8.970802307128906, 14.516365051269531, 9.876871109008789, 18.48843765258789, 5.279411315917969, 15.01850414276123, 15.7897310256958, 4.932950496673584, 4.498047828674316, 5.3348469734191895, 22.358346939086914, 12.755385398864746, 15.138171195983887, 13.290678977966309, 11.255491256713867, 13.265162467956543, 1.8140106201171875, 4.160464763641357, 2.6487667560577393, 8.136377334594727, 17.68098258972168, 11.11223030090332, 20.015966415405273, 10.93587589263916, 3.55780029296875, 5.169486999511719, 4.134332180023193, 19.120641708374023, 3.5054683685302734, 5.295557975769043, 8.662800788879395, 9.08919620513916, 9.099656105041504, 13.378494262695312, 3.3769187927246094, 12.1627836227417, 12.2913236618042, 9.43608283996582, 12.439315795898438, 9.647260665893555, 10.607563018798828, 9.449134826660156, 12.716933250427246], [7.869073390960693, 16.59596061706543, 10.042304039001465, 12.737418174743652, 15.275507926940918, 10.057001113891602, 1.0209041789721596e-07, 0.14605668187141418, 4.2103424072265625, 0.6454121470451355, 10.525827407836914, 7.767819881439209, 24.06907081604004, 9.115801811218262, 20.103160858154297, 6.9714274406433105, 8.312729835510254, 18.062597274780273, 11.019767761230469, 10.504523277282715, 13.839200019836426, 16.174245834350586, 19.44038200378418, 16.09529685974121, 16.809171676635742, 2.8222365379333496, 13.974382400512695, 9.138819694519043, 11.799298286437988, 10.183676719665527, 16.896230697631836, 22.566389083862305, 19.169105529785156, 14.728236198425293, 18.46501350402832, 14.556607246398926, 10.114974021911621, 13.117817878723145, 12.237018585205078, 12.183660507202148, 15.077258110046387, 11.719239234924316, 8.089219093322754, 15.268345832824707, 9.321721076965332, 16.494548797607422, 3.785541296005249, 9.127679824829102, 15.124234199523926, 11.880019187927246, 20.3991756439209, 7.6088128089904785, 14.373939514160156, 8.568416595458984, 15.051871299743652, 7.329509735107422, 12.35414981842041, 10.673585891723633, 19.375051498413086, 0.5069252848625183, 14.966852188110352, 8.96540355682373, 22.21530532836914, 18.725780487060547, 8.919875144958496, 10.173187255859375, 9.2496976852417, 31.742374420166016, 15.821681022644043, 18.143224716186523, 17.61347770690918, 14.346803665161133, 9.990487098693848, 10.390871047973633, 10.600140571594238, 10.947846412658691, 16.333282470703125, 25.566198348999023, 7.5061821937561035, 30.639657974243164, 2.289555311203003, 10.016948699951172, 7.985917568206787, 9.51052474975586, 21.070323944091797, 7.924651622772217, 10.902632713317871, 0.7397077083587646, 16.904150009155273, 2.9767770767211914, 16.25075340270996, 9.877875328063965, 9.214343070983887, 6.505908966064453, 4.112999439239502, 18.64264488220215, 12.223296165466309, 10.311304092407227, 14.349573135375977, 18.91306495666504], [8.508750915527344, 19.045114517211914, 12.448942184448242, 16.812543869018555, 16.38617515563965, 10.994943618774414, 0.14605668187141418, 8.644565063775644e-09, 5.160134792327881, 0.8506402373313904, 12.222464561462402, 8.919208526611328, 26.274389266967773, 11.220039367675781, 21.600547790527344, 9.381855010986328, 9.889829635620117, 20.197357177734375, 12.774079322814941, 12.62331771850586, 15.445475578308105, 18.645872116088867, 19.835391998291016, 18.785675048828125, 18.32380485534668, 2.954345464706421, 15.207369804382324, 11.063406944274902, 12.493804931640625, 11.332293510437012, 18.879077911376953, 25.054725646972656, 20.74140739440918, 16.745832443237305, 20.96957015991211, 16.54755401611328, 11.141904830932617, 15.198602676391602, 12.800435066223145, 13.882491111755371, 17.6179141998291, 12.879837036132812, 9.15269947052002, 17.085988998413086, 10.430190086364746, 18.065366744995117, 4.697839260101318, 10.982101440429688, 16.862306594848633, 13.634966850280762, 22.907039642333984, 8.014286994934082, 16.941495895385742, 12.068537712097168, 16.526525497436523, 8.111742973327637, 14.020306587219238, 12.522871017456055, 21.578636169433594, 0.9261900782585144, 16.561594009399414, 10.82906723022461, 26.02263832092285, 20.104217529296875, 10.600797653198242, 12.105696678161621, 11.332056045532227, 35.641353607177734, 18.776790618896484, 20.639726638793945, 20.004993438720703, 16.42808723449707, 11.730093002319336, 12.604174613952637, 12.28201961517334, 13.356575012207031, 17.91720199584961, 28.54877281188965, 9.30955696105957, 33.60470199584961, 2.9172706604003906, 10.893070220947266, 9.173998832702637, 12.099353790283203, 22.641244888305664, 10.65613842010498, 12.3107328414917, 0.7734013795852661, 18.8438720703125, 3.9095818996429443, 18.515117645263672, 11.220929145812988, 10.68480110168457, 7.451091766357422, 5.3019795417785645, 21.232763290405273, 14.164639472961426, 13.4235200881958, 15.185904502868652, 21.20216178894043], [4.919647216796875, 11.657235145568848, 13.978039741516113, 13.806078910827637, 15.312784194946289, 12.400280952453613, 4.2103424072265625, 5.160134792327881, 3.8830332727002315e-08, 3.59197998046875, 13.04704475402832, 8.849562644958496, 23.225448608398438, 13.248385429382324, 18.602155685424805, 8.42192554473877, 4.669121742248535, 13.128664016723633, 13.13829231262207, 14.593379020690918, 6.736216068267822, 15.363972663879395, 14.913078308105469, 16.340137481689453, 15.242182731628418, 5.121072292327881, 8.839765548706055, 7.30884313583374, 11.150446891784668, 10.879014015197754, 12.810617446899414, 18.417543411254883, 12.41958236694336, 15.48886775970459, 16.24917984008789, 17.61595344543457, 11.82730770111084, 13.960983276367188, 4.804140090942383, 14.423707962036133, 15.342455863952637, 13.513335227966309, 13.765772819519043, 12.544501304626465, 6.626199245452881, 16.541065216064453, 9.161459922790527, 11.187509536743164, 14.368614196777344, 13.831122398376465, 18.200332641601562, 7.203673839569092, 13.04601764678955, 11.484688758850098, 15.384164810180664, 7.056921482086182, 13.579858779907227, 18.270793914794922, 15.5468168258667, 3.7461440563201904, 14.592172622680664, 12.787864685058594, 21.025537490844727, 15.172602653503418, 12.733592987060547, 13.880355834960938, 13.217381477355957, 30.403553009033203, 16.630556106567383, 13.76822566986084, 15.500296592712402, 11.625533103942871, 15.372675895690918, 12.061041831970215, 15.571845054626465, 12.634787559509277, 12.308704376220703, 28.504003524780273, 10.945061683654785, 29.175662994384766, 3.7589709758758545, 12.152076721191406, 9.211674690246582, 13.40490436553955, 16.724775314331055, 13.320398330688477, 13.09345531463623, 5.10305118560791, 15.237072944641113, 2.58758544921875, 17.542924880981445, 11.294644355773926, 13.285082817077637, 10.423949241638184, 2.957550525665283, 20.5427303314209, 7.308940410614014, 13.642168045043945, 15.632547378540039, 20.934890747070312], [7.314908027648926, 17.953235626220703, 11.939899444580078, 14.186671257019043, 15.48129940032959, 10.172233581542969, 0.6454121470451355, 0.8506402373313904, 3.59197998046875, -3.67697801095801e-08, 11.262455940246582, 7.966343879699707, 28.071863174438477, 9.6709623336792, 19.429841995239258, 8.154206275939941, 8.979775428771973, 18.605684280395508, 11.993278503417969, 12.112624168395996, 15.145416259765625, 17.468114852905273, 19.94154167175293, 17.88996696472168, 16.571748733520508, 1.4424742460250854, 14.960822105407715, 10.843122482299805, 12.34165096282959, 9.21109676361084, 16.990373611450195, 25.694822311401367, 20.571882247924805, 17.865407943725586, 22.612876892089844, 15.150984764099121, 12.856025695800781, 15.905888557434082, 12.331637382507324, 14.487317085266113, 17.2474365234375, 11.557998657226562, 9.328943252563477, 18.873891830444336, 9.104937553405762, 16.309249877929688, 6.2456488609313965, 10.354002952575684, 16.75165557861328, 12.076738357543945, 24.771347045898438, 6.507998943328857, 15.924606323242188, 9.700723648071289, 15.984107971191406, 5.9829864501953125, 13.743908882141113, 13.008814811706543, 21.040231704711914, 1.4536060094833374, 14.173715591430664, 10.444854736328125, 24.0695743560791, 21.87834358215332, 10.81395435333252, 12.123113632202148, 11.659420013427734, 34.18346405029297, 17.99162483215332, 20.285913467407227, 21.574588775634766, 16.3558292388916, 13.41831111907959, 10.841665267944336, 10.839298248291016, 12.26627254486084, 17.34999656677246, 24.7812442779541, 8.134483337402344, 31.51051139831543, 2.0280983448028564, 10.9343843460083, 8.18021297454834, 10.27874755859375, 24.518285751342773, 9.846016883850098, 10.923009872436523, 1.2822318077087402, 17.56269645690918, 2.7951176166534424, 18.1765193939209, 10.377134323120117, 10.237574577331543, 10.470879554748535, 4.183932781219482, 20.985280990600586, 13.621417045593262, 13.236038208007812, 16.327686309814453, 19.168399810791016], [13.920039176940918, 12.95190715789795, 8.305543899536133, 12.949739456176758, 6.2934088706970215, 6.959454536437988, 10.525827407836914, 12.222464561462402, 13.04704475402832, 11.262455940246582, 1.1920929132713809e-08, 9.057245254516602, 15.555195808410645, 3.567284345626831, 9.137896537780762, 7.59205961227417, 7.13454532623291, 10.023488998413086, 4.485513210296631, 3.1646945476531982, 9.646727561950684, 7.1691155433654785, 9.547346115112305, 9.113429069519043, 8.216368675231934, 8.81177043914795, 11.512831687927246, 12.350935935974121, 4.977123737335205, 9.062762260437012, 9.6497802734375, 14.494033813476562, 9.7030029296875, 10.818166732788086, 8.849273681640625, 11.182771682739258, 10.053780555725098, 6.8589043617248535, 8.615142822265625, 12.543356895446777, 7.938521862030029, 8.144474029541016, 11.297480583190918, 9.110980987548828, 10.182345390319824, 7.856478214263916, 9.432153701782227, 5.56181001663208, 11.461258888244629, 8.396238327026367, 12.621302604675293, 11.639814376831055, 11.017803192138672, 6.695526123046875, 5.875586032867432, 12.5921630859375, 9.66348648071289, 8.466718673706055, 12.125967979431152, 10.543194770812988, 15.100020408630371, 8.745697021484375, 10.011332511901855, 14.004373550415039, 6.510220527648926, 7.641038417816162, 8.709992408752441, 13.782638549804688, 9.420208930969238, 10.951651573181152, 9.392973899841309, 6.979028224945068, 9.314860343933105, 5.138661861419678, 5.876440525054932, 5.1057538986206055, 7.926957607269287, 10.713570594787598, 5.5068488121032715, 14.90874195098877, 11.022228240966797, 8.082148551940918, 7.709420204162598, 9.737053871154785, 13.243590354919434, 9.658446311950684, 9.606595039367676, 9.066699981689453, 7.340636730194092, 9.211236953735352, 11.091337203979492, 4.669612407684326, 9.330596923828125, 11.236802101135254, 9.532061576843262, 7.038372993469238, 7.464505195617676, 3.494144916534424, 8.730242729187012, 8.357691764831543], [12.6417875289917, 13.242082595825195, 8.221426010131836, 9.21681022644043, 11.413082122802734, 3.0236692428588867, 7.767819881439209, 8.919208526611328, 8.849562644958496, 7.966343879699707, 9.057245254516602, 4.246831153409403e-08, 19.978313446044922, 4.5525054931640625, 12.36030101776123, 8.815057754516602, 6.895239353179932, 11.833372116088867, 10.598387718200684, 12.293741226196289, 9.030287742614746, 11.659749031066895, 16.606260299682617, 14.548018455505371, 12.593198776245117, 8.012835502624512, 10.150862693786621, 10.84904670715332, 4.081270217895508, 11.036650657653809, 12.703021049499512, 19.956823348999023, 11.507678985595703, 18.013534545898438, 19.76868438720703, 14.145743370056152, 12.091182708740234, 12.128996849060059, 9.01679515838623, 12.952099800109863, 17.375131607055664, 5.941035270690918, 13.148173332214355, 16.93813133239746, 10.665915489196777, 13.737601280212402, 9.836382865905762, 5.28768253326416, 14.122077941894531, 5.960583686828613, 21.683103561401367, 12.864119529724121, 13.125828742980957, 3.1166303157806396, 10.606887817382812, 11.258148193359375, 14.304373741149902, 12.59221076965332, 19.47547721862793, 7.590873718261719, 13.965585708618164, 7.593873023986816, 17.492055892944336, 20.055810928344727, 7.418976783752441, 8.024965286254883, 7.436959266662598, 23.645572662353516, 16.647602081298828, 19.183530807495117, 19.430246353149414, 12.58798599243164, 12.954330444335938, 2.6577606201171875, 5.631164073944092, 4.457565784454346, 7.909888744354248, 20.713857650756836, 11.981735229492188, 22.35833168029785, 9.159618377685547, 3.9845974445343018, 2.6785500049591064, 3.37162184715271, 21.429363250732422, 1.9889196157455444, 5.260507106781006, 7.475868225097656, 13.762191772460938, 6.892436981201172, 16.652952194213867, 4.724018573760986, 13.108963012695312, 10.058341979980469, 6.810794353485107, 14.310647964477539, 7.653125286102295, 12.295097351074219, 10.623602867126465, 13.686492919921875], [28.614477157592773, 23.957056045532227, 15.986696243286133, 21.422754287719727, 11.305756568908691, 21.177127838134766, 24.06907081604004, 26.274389266967773, 23.225448608398438, 28.071863174438477, 15.555195808410645, 19.978313446044922, -4.80562469817869e-08, 19.981128692626953, 20.573028564453125, 22.017349243164062, 20.44402313232422, 21.885786056518555, 20.596609115600586, 19.162504196166992, 18.928373336791992, 19.362916946411133, 16.9842529296875, 16.067811965942383, 24.229164123535156, 22.245765686035156, 20.586471557617188, 21.793424606323242, 18.982406616210938, 24.241498947143555, 22.579458236694336, 17.374717712402344, 18.891572952270508, 18.99403953552246, 19.53215789794922, 16.225547790527344, 21.738115310668945, 11.514455795288086, 18.545988082885742, 20.78510093688965, 13.360389709472656, 18.887361526489258, 20.25881004333496, 19.741655349731445, 18.340564727783203, 22.25917625427246, 24.867509841918945, 18.97871971130371, 23.022329330444336, 21.829946517944336, 24.331998825073242, 14.751996040344238, 17.101696014404297, 24.283029556274414, 19.4825496673584, 16.6863956451416, 23.62175178527832, 20.333166122436523, 20.10389518737793, 24.85974884033203, 16.037250518798828, 16.874797821044922, 12.95935344696045, 19.092538833618164, 15.544995307922363, 17.251041412353516, 17.23426628112793, 16.266141891479492, 15.972139358520508, 20.848878860473633, 22.197874069213867, 14.582208633422852, 15.549379348754883, 20.29143714904785, 18.858495712280273, 18.490686416625977, 16.642446517944336, 27.01541519165039, 14.467822074890137, 23.416379928588867, 20.92759132385254, 18.662540435791016, 19.26190948486328, 22.926233291625977, 23.624282836914062, 20.82415771484375, 22.1495418548584, 23.710269927978516, 18.354581832885742, 20.358243942260742, 12.663783073425293, 16.841672897338867, 17.16168212890625, 22.527196884155273, 31.676227569580078, 23.46324920654297, 20.558433532714844, 11.34865665435791, 18.953380584716797, 23.760026931762695], [12.93378734588623, 14.560141563415527, 8.755990028381348, 11.657557487487793, 9.28642749786377, 3.4748165607452393, 9.115801811218262, 11.220039367675781, 13.248385429382324, 9.6709623336792, 3.567284345626831, 4.5525054931640625, 19.981128692626953, -8.195638656616211e-08, 12.698752403259277, 11.403986930847168, 9.788031578063965, 12.777831077575684, 6.419003963470459, 5.637800216674805, 12.80705451965332, 9.723939895629883, 12.380615234375, 12.66767406463623, 13.257464408874512, 8.758145332336426, 15.272233963012695, 14.390795707702637, 5.892484188079834, 11.23399829864502, 12.821060180664062, 20.029518127441406, 17.373891830444336, 15.281328201293945, 12.129720687866211, 12.522554397583008, 13.0612154006958, 9.899870872497559, 12.856120109558105, 15.48911190032959, 13.068422317504883, 8.306952476501465, 14.12035846710205, 11.58417797088623, 13.857449531555176, 11.222602844238281, 11.244295120239258, 7.054102420806885, 13.38146686553955, 8.398787498474121, 16.38515281677246, 13.105792045593262, 14.095726013183594, 3.376147508621216, 8.52202033996582, 14.652251243591309, 15.194725036621094, 10.50369930267334, 16.233182907104492, 9.805126190185547, 19.197237014770508, 8.83486270904541, 15.323532104492188, 17.08224868774414, 7.550950527191162, 9.102931022644043, 8.79294204711914, 19.970308303833008, 13.70936107635498, 15.001733779907227, 12.391829490661621, 11.699990272521973, 11.27776050567627, 1.722001314163208, 2.6254985332489014, 3.98716139793396, 11.94831657409668, 14.989476203918457, 9.477561950683594, 19.614377975463867, 11.607756614685059, 5.670952320098877, 6.493991851806641, 7.946988582611084, 19.0410213470459, 7.040447235107422, 8.562270164489746, 8.79594612121582, 10.521330833435059, 10.027215003967285, 12.186280250549316, 3.752655029296875, 11.16666316986084, 12.828932762145996, 9.55031967163086, 10.857126235961914, 12.268088340759277, 7.174434185028076, 9.30856990814209, 10.718073844909668], [21.352882385253906, 16.17359161376953, 15.26758861541748, 19.331754684448242, 9.566946983337402, 12.325787544250488, 20.103160858154297, 21.600547790527344, 18.602155685424805, 19.429841995239258, 9.137896537780762, 12.36030101776123, 20.573028564453125, 12.698752403259277, -4.17232506322307e-08, 9.505427360534668, 9.043328285217285, 12.977355003356934, 12.9185791015625, 13.270644187927246, 10.138847351074219, 9.298713684082031, 13.142593383789062, 11.340984344482422, 10.524470329284668, 15.751779556274414, 10.719860076904297, 14.028009414672852, 9.909865379333496, 8.958189964294434, 11.751364707946777, 13.268373489379883, 11.270151138305664, 12.982693672180176, 16.463342666625977, 15.466937065124512, 12.589967727661133, 10.95224666595459, 9.48865795135498, 12.750731468200684, 11.18803596496582, 13.650583267211914, 12.478507995605469, 12.25766658782959, 9.305575370788574, 10.895048141479492, 10.447762489318848, 11.064093589782715, 15.306269645690918, 15.446032524108887, 19.892669677734375, 13.151803970336914, 13.30945110321045, 12.065422058105469, 6.291325092315674, 13.150497436523438, 12.016515731811523, 10.176359176635742, 13.913870811462402, 18.268945693969727, 13.20154094696045, 14.901771545410156, 5.618080139160156, 15.444180488586426, 12.577160835266113, 13.694745063781738, 16.099302291870117, 18.69052505493164, 10.848128318786621, 12.290456771850586, 15.25830078125, 9.119598388671875, 15.276132583618164, 13.097823143005371, 17.92620277404785, 8.318306922912598, 8.308015823364258, 10.81739330291748, 12.131986618041992, 13.226289749145508, 16.4226131439209, 13.422091484069824, 9.740107536315918, 14.795249938964844, 16.96729850769043, 13.518994331359863, 13.78685188293457, 17.43038558959961, 8.259991645812988, 15.30170726776123, 17.116378784179688, 9.180325508117676, 9.423958778381348, 11.107033729553223, 19.1385498046875, 11.83518123626709, 9.582708358764648, 8.156279563903809, 14.264227867126465, 6.5775651931762695], [14.34264087677002, 14.641676902770996, 10.372840881347656, 16.25830078125, 11.282980918884277, 10.140535354614258, 6.9714274406433105, 9.381855010986328, 8.42192554473877, 8.154206275939941, 7.59205961227417, 8.815057754516602, 22.017349243164062, 11.403986930847168, 9.505427360534668, 1.0728836485895954e-07, 3.9032914638519287, 10.945456504821777, 9.210009574890137, 9.201486587524414, 5.520008087158203, 9.166942596435547, 14.879608154296875, 10.185053825378418, 8.168296813964844, 7.140136241912842, 5.238794803619385, 5.831576824188232, 8.993448257446289, 7.047698497772217, 9.723475456237793, 12.956839561462402, 8.231945991516113, 9.547014236450195, 13.354809761047363, 13.104455947875977, 6.705414772033691, 10.66582202911377, 7.284079074859619, 10.180252075195312, 12.066377639770508, 10.200018882751465, 8.190032958984375, 11.351901054382324, 7.488593578338623, 9.744302749633789, 5.112110137939453, 9.014263153076172, 11.430335998535156, 11.367559432983398, 15.555697441101074, 11.161831855773926, 10.430082321166992, 12.224607467651367, 9.322064399719238, 9.15791130065918, 8.819231033325195, 12.128576278686523, 16.53644371032715, 5.862649440765381, 13.17724895477295, 9.686243057250977, 11.188689231872559, 16.623685836791992, 10.137435913085938, 9.47153377532959, 10.946229934692383, 20.441884994506836, 10.935137748718262, 11.662931442260742, 11.999809265136719, 8.154845237731934, 13.613815307617188, 10.702581405639648, 16.03871726989746, 11.92972469329834, 7.7063117027282715, 16.154481887817383, 4.8369927406311035, 19.78963851928711, 3.39115309715271, 10.209068298339844, 8.605871200561523, 9.278328895568848, 12.966819763183594, 9.075559616088867, 11.17529296875, 7.958384990692139, 9.875746726989746, 3.776399612426758, 14.885825157165527, 9.391283988952637, 6.49123477935791, 5.139705657958984, 9.55967903137207, 13.771265983581543, 5.3825836181640625, 7.768062591552734, 9.14417839050293, 11.396846771240234], [11.304884910583496, 9.416369438171387, 7.016025543212891, 11.929166793823242, 10.828238487243652, 8.501604080200195, 8.312729835510254, 9.889829635620117, 4.669121742248535, 8.979775428771973, 7.13454532623291, 6.895239353179932, 20.44402313232422, 9.788031578063965, 9.043328285217285, 3.9032914638519287, 9.536743306171047e-08, 6.226063251495361, 8.47635555267334, 10.306811332702637, 1.8147681951522827, 7.805558204650879, 10.555068016052246, 9.22482967376709, 5.644285202026367, 8.184720993041992, 4.392884731292725, 6.739492893218994, 7.43358850479126, 8.241331100463867, 6.237367630004883, 14.01848030090332, 5.16353178024292, 11.800566673278809, 10.7371244430542, 13.202072143554688, 7.522919654846191, 8.18094539642334, 2.1043574810028076, 10.75442123413086, 9.465924263000488, 8.983333587646484, 9.453116416931152, 8.479411125183105, 6.183210849761963, 6.935786724090576, 6.82278299331665, 7.2621660232543945, 6.095034122467041, 8.271380424499512, 12.372864723205566, 9.55046272277832, 8.493925094604492, 9.638191223144531, 8.217342376708984, 8.033949851989746, 5.165718078613281, 11.84680461883545, 11.432848930358887, 7.539859294891357, 11.677852630615234, 7.4635796546936035, 10.448151588439941, 12.487330436706543, 6.288388252258301, 6.941581726074219, 7.925351619720459, 16.782569885253906, 9.51123046875, 8.65705680847168, 10.222773551940918, 5.116883754730225, 12.931086540222168, 8.953198432922363, 13.129786491394043, 8.578583717346191, 5.569460868835449, 15.883452415466309, 7.26147985458374, 18.699308395385742, 9.135199546813965, 9.042075157165527, 5.750611782073975, 6.904765605926514, 7.377021789550781, 6.680215358734131, 8.531027793884277, 7.218069553375244, 8.557442665100098, 4.250988960266113, 13.3295316696167, 7.258792877197266, 8.965338706970215, 6.500646114349365, 8.81380844116211, 11.968098640441895, 2.230611801147461, 7.742434024810791, 8.734467506408691, 11.566499710083008], [16.58161735534668, 7.265611171722412, 13.276721000671387, 6.453812599182129, 13.01441478729248, 12.028571128845215, 18.062597274780273, 20.197357177734375, 13.128664016723633, 18.605684280395508, 10.023488998413086, 11.833372116088867, 21.885786056518555, 12.777831077575684, 12.977355003356934, 10.945456504821777, 6.226063251495361, 2.3841858265427618e-08, 13.127565383911133, 14.25224781036377, 10.309298515319824, 11.523858070373535, 7.550178527832031, 13.20576000213623, 3.7560651302337646, 14.892335891723633, 14.465911865234375, 13.696978569030762, 13.38304328918457, 16.05575180053711, 3.203916311264038, 18.71925163269043, 12.395520210266113, 16.464130401611328, 10.978863716125488, 15.020304679870605, 13.356391906738281, 11.157702445983887, 7.955679416656494, 7.530590057373047, 11.848909378051758, 7.641343116760254, 15.109329223632812, 7.846487522125244, 9.915728569030762, 4.7355170249938965, 14.856902122497559, 10.409127235412598, 7.144031524658203, 5.6736369132995605, 12.894121170043945, 15.227892875671387, 5.391810417175293, 16.88912582397461, 12.327699661254883, 13.08811092376709, 5.135171413421631, 18.8114013671875, 12.613680839538574, 15.676179885864258, 16.459875106811523, 12.029006004333496, 16.60152244567871, 11.658069610595703, 11.428083419799805, 11.922773361206055, 13.22177791595459, 21.627424240112305, 13.564271926879883, 10.767667770385742, 9.859485626220703, 10.61365795135498, 14.63603401184082, 12.377161979675293, 15.839881896972656, 10.887079238891602, 11.354121208190918, 18.920881271362305, 7.572760105133057, 21.75550079345703, 16.45635414123535, 12.29561996459961, 8.88232135772705, 11.33344554901123, 15.798247337341309, 12.534354209899902, 9.532918930053711, 17.248979568481445, 12.421630859375, 11.471693992614746, 15.675238609313965, 9.724742889404297, 15.22717571258545, 15.704680442810059, 18.68767738342285, 15.102862358093262, 8.816152572631836, 9.565691947937012, 14.22776985168457, 15.339996337890625], [14.540900230407715, 16.195730209350586, 9.87849235534668, 17.109182357788086, 7.980180263519287, 9.344592094421387, 11.019767761230469, 12.774079322814941, 13.13829231262207, 11.993278503417969, 4.485513210296631, 10.598387718200684, 20.596609115600586, 6.419003963470459, 12.9185791015625, 9.210009574890137, 8.47635555267334, 13.127565383911133, 1.7881394143159923e-08, 2.980393171310425, 10.94144344329834, 8.411818504333496, 12.579516410827637, 10.645697593688965, 12.004989624023438, 8.588930130004883, 12.860770225524902, 11.920597076416016, 7.469051361083984, 10.198763847351074, 10.64401912689209, 15.592340469360352, 12.77464771270752, 12.069005966186523, 10.418652534484863, 14.454429626464844, 11.614566802978516, 9.990742683410645, 10.945923805236816, 13.984512329101562, 10.769408226013184, 10.057600975036621, 11.486734390258789, 10.73494815826416, 10.205179214477539, 10.3986234664917, 9.510154724121094, 8.68381404876709, 13.098132133483887, 10.835674285888672, 13.622842788696289, 12.937933921813965, 15.009093284606934, 8.534658432006836, 9.913671493530273, 13.243547439575195, 13.316561698913574, 11.088340759277344, 15.370818138122559, 11.17505931854248, 15.916205406188965, 9.76712703704834, 12.611680030822754, 14.984947204589844, 9.032958030700684, 9.797938346862793, 10.134181022644043, 18.591585159301758, 10.98011302947998, 12.088617324829102, 10.15388011932373, 9.729613304138184, 11.885374069213867, 7.212662696838379, 7.400180339813232, 9.58480167388916, 11.715254783630371, 14.4426851272583, 7.617653846740723, 16.84657859802246, 11.398634910583496, 10.28164291381836, 9.668543815612793, 10.935111999511719, 16.453290939331055, 11.074007034301758, 11.413307189941406, 10.79257869720459, 10.764219284057617, 8.258127212524414, 15.3948392868042, 7.269972324371338, 10.125980377197266, 9.534734725952148, 12.74040412902832, 9.411580085754395, 9.85046672821045, 6.759635925292969, 9.848984718322754, 9.998143196105957], [15.896931648254395, 16.580461502075195, 10.458575248718262, 16.69086265563965, 8.970335960388184, 11.771528244018555, 10.504523277282715, 12.62331771850586, 14.593379020690918, 12.112624168395996, 3.1646945476531982, 12.293741226196289, 19.162504196166992, 5.637800216674805, 13.270644187927246, 9.201486587524414, 10.306811332702637, 14.25224781036377, 2.980393171310425, -7.748604247126423e-08, 13.31836986541748, 11.527756690979004, 14.925280570983887, 11.089736938476562, 13.03886604309082, 8.461877822875977, 15.41156005859375, 12.189278602600098, 9.690363883972168, 8.908397674560547, 12.367247581481934, 14.173059463500977, 14.959001541137695, 11.073866844177246, 10.328047752380371, 10.186534881591797, 10.73007869720459, 9.850164413452148, 12.740569114685059, 15.752432823181152, 12.485824584960938, 11.101716995239258, 9.995357513427734, 11.718517303466797, 15.392786026000977, 11.282745361328125, 9.039941787719727, 9.687555313110352, 16.34954833984375, 12.091948509216309, 15.101173400878906, 16.521162033081055, 15.104443550109863, 8.043231964111328, 10.22590160369873, 17.916624069213867, 14.894558906555176, 8.523462295532227, 16.650089263916016, 12.627223014831543, 17.884273529052734, 10.736212730407715, 13.834927558898926, 16.461584091186523, 9.345966339111328, 10.029166221618652, 11.369723320007324, 16.826454162597656, 11.610308647155762, 11.802656173706055, 10.186720848083496, 10.61669921875, 8.677223205566406, 8.441208839416504, 7.889942169189453, 9.49057388305664, 12.503384590148926, 13.69090461730957, 6.875419616699219, 17.150983810424805, 12.251082420349121, 12.734118461608887, 11.355563163757324, 13.93596363067627, 16.18941307067871, 12.806541442871094, 13.15368366241455, 10.201156616210938, 11.015029907226562, 10.738435745239258, 14.071374893188477, 9.126044273376465, 8.998644828796387, 9.950409889221191, 13.783187866210938, 11.103436470031738, 11.59428882598877, 6.844370365142822, 10.64591121673584, 10.18183422088623], [15.967117309570312, 12.795039176940918, 9.487117767333984, 16.021364212036133, 11.601611137390137, 10.905872344970703, 13.839200019836426, 15.445475578308105, 6.736216068267822, 15.145416259765625, 9.646727561950684, 9.030287742614746, 18.928373336791992, 12.80705451965332, 10.138847351074219, 5.520008087158203, 1.8147681951522827, 10.309298515319824, 10.94144344329834, 13.31836986541748, 1.6093254373572563e-07, 9.8186674118042, 11.967155456542969, 9.641729354858398, 9.129979133605957, 11.9423246383667, 3.0095417499542236, 5.008377552032471, 8.330962181091309, 9.564846992492676, 9.357660293579102, 11.900065422058105, 6.7152838706970215, 10.807278633117676, 11.918107032775879, 16.13774299621582, 7.819173336029053, 9.373944282531738, 4.064180374145508, 10.647714614868164, 10.46983528137207, 11.1676664352417, 12.834650993347168, 9.639930725097656, 6.31397008895874, 10.268141746520996, 7.51394510269165, 10.2389